TestcaseNumber,TestcaseCount,TestcaseRatio,StatementCount,StatementRatio,BranchCount,BranchRatio,FaultCount,FaultRatio
120,1,0.270270,596,59.421735,497,63.799743,0,0.000000
197,2,0.540541,665,66.301097,566,72.657253,0,0.000000
231,3,0.810811,685,68.295115,586,75.224647,0,0.000000
167,4,1.081081,711,70.887338,614,78.818999,0,0.000000
367,5,1.351351,730,72.781655,618,79.332478,1,0.250000
118,6,1.621622,739,73.678963,628,80.616175,1,0.250000
76,7,1.891892,775,77.268195,640,82.156611,1,0.250000
171,8,2.162162,795,79.262213,654,83.953787,1,0.250000
339,9,2.432432,801,79.860419,660,84.724005,1,0.250000
144,10,2.702703,801,79.860419,660,84.724005,1,0.250000
25,11,2.972973,822,81.954138,666,85.494223,1,0.250000
292,12,3.243243,822,81.954138,666,85.494223,1,0.250000
366,13,3.513514,826,82.352941,668,85.750963,2,0.500000
271,14,3.783784,826,82.352941,668,85.750963,2,0.500000
113,15,4.054054,826,82.352941,668,85.750963,2,0.500000
81,16,4.324324,826,82.352941,668,85.750963,2,0.500000
44,17,4.594595,834,83.150548,670,86.007702,3,0.750000
272,18,4.864865,835,83.250249,670,86.007702,3,0.750000
212,19,5.135135,835,83.250249,670,86.007702,3,0.750000
79,20,5.405405,835,83.250249,670,86.007702,3,0.750000
80,21,5.675676,835,83.250249,670,86.007702,3,0.750000
130,22,5.945946,835,83.250249,670,86.007702,3,0.750000
9,23,6.216216,835,83.250249,670,86.007702,3,0.750000
273,24,6.486486,835,83.250249,670,86.007702,3,0.750000
330,25,6.756757,835,83.250249,670,86.007702,3,0.750000
232,26,7.027027,835,83.250249,670,86.007702,3,0.750000
139,27,7.297297,851,84.845464,684,87.804878,3,0.750000
