TestcaseNumber,TestcaseCount,TestcaseRatio,StatementCount,StatementRatio,BranchCount,BranchRatio,FaultCount,FaultRatio
105,1,0.270270,377,37.587238,347,44.544288,1,0.250000
322,2,0.540541,589,58.723829,502,64.441592,1,0.250000
113,3,0.810811,675,67.298106,570,73.170732,1,0.250000
352,4,1.081081,707,70.488534,598,76.765083,1,0.250000
164,5,1.351351,737,73.479561,632,81.129653,1,0.250000
218,6,1.621622,737,73.479561,632,81.129653,1,0.250000
193,7,1.891892,743,74.077767,636,81.643132,1,0.250000
250,8,2.162162,759,75.672981,640,82.156611,2,0.500000
230,9,2.432432,763,76.071785,644,82.670090,2,0.500000
185,10,2.702703,787,78.464606,655,84.082157,2,0.500000
303,11,2.972973,798,79.561316,661,84.852375,2,0.500000
178,12,3.243243,801,79.860419,663,85.109114,2,0.500000
323,13,3.513514,801,79.860419,663,85.109114,2,0.500000
120,14,3.783784,801,79.860419,663,85.109114,2,0.500000
68,15,4.054054,801,79.860419,663,85.109114,2,0.500000
89,16,4.324324,826,82.352941,683,87.676508,2,0.500000
98,17,4.594595,826,82.352941,683,87.676508,2,0.500000
240,18,4.864865,826,82.352941,683,87.676508,2,0.500000
182,19,5.135135,826,82.352941,683,87.676508,2,0.500000
312,20,5.405405,828,82.552343,683,87.676508,2,0.500000
290,21,5.675676,831,82.851446,683,87.676508,2,0.500000
254,22,5.945946,834,83.150548,683,87.676508,2,0.500000
315,23,6.216216,834,83.150548,683,87.676508,2,0.500000
169,24,6.486486,835,83.250249,683,87.676508,2,0.500000
6,25,6.756757,835,83.250249,683,87.676508,2,0.500000
161,26,7.027027,835,83.250249,683,87.676508,2,0.500000
265,27,7.297297,842,83.948156,685,87.933248,2,0.500000
222,28,7.567568,842,83.948156,685,87.933248,2,0.500000
48,29,7.837838,842,83.948156,685,87.933248,2,0.500000
109,30,8.108108,843,84.047856,687,88.189987,2,0.500000
176,31,8.378378,843,84.047856,687,88.189987,2,0.500000
15,32,8.648649,843,84.047856,687,88.189987,3,0.750000
206,33,8.918919,845,84.247258,691,88.703466,3,0.750000
166,34,9.189189,845,84.247258,691,88.703466,3,0.750000
