TestcaseNumber,TestcaseCount,TestcaseRatio,StatementCount,StatementRatio,BranchCount,BranchRatio,FaultCount,FaultRatio
48,1,0.467290,438,45.625000,362,43.878788,0,0.000000
2,2,0.934579,446,46.458333,385,46.666667,0,0.000000
17,3,1.401869,518,53.958333,451,54.666667,0,0.000000
117,4,1.869159,620,64.583333,517,62.666667,0,0.000000
62,5,2.336449,626,65.208333,519,62.909091,0,0.000000
148,6,2.803738,627,65.312500,521,63.151515,0,0.000000
112,7,3.271028,627,65.312500,521,63.151515,0,0.000000
126,8,3.738318,627,65.312500,521,63.151515,0,0.000000
46,9,4.205607,656,68.333333,553,67.030303,0,0.000000
42,10,4.672897,656,68.333333,553,67.030303,1,0.333333
64,11,5.140187,656,68.333333,553,67.030303,1,0.333333
180,12,5.607477,656,68.333333,553,67.030303,1,0.333333
111,13,6.074766,656,68.333333,553,67.030303,1,0.333333
161,14,6.542056,656,68.333333,553,67.030303,1,0.333333
