TestcaseNumber,TestcaseCount,TestcaseRatio,StatementCount,StatementRatio,BranchCount,BranchRatio,FaultCount,FaultRatio
109,1,0.176367,1090,33.302780,863,39.916744,1,0.058824
125,2,0.352734,2072,63.305836,1531,70.814061,1,0.058824
199,3,0.529101,2075,63.397495,1531,70.814061,1,0.058824
68,4,0.705467,2281,69.691415,1630,75.393154,1,0.058824
209,5,0.881834,2281,69.691415,1630,75.393154,1,0.058824
243,6,1.058201,2347,71.707913,1678,77.613321,1,0.058824
316,7,1.234568,2402,73.388329,1704,78.815911,1,0.058824
173,8,1.410935,2558,78.154598,1784,82.516189,4,0.235294
547,9,1.587302,2619,80.018332,1814,83.903793,4,0.235294
192,10,1.763668,2641,80.690498,1818,84.088807,4,0.235294
10,11,1.940035,2683,81.973724,1836,84.921369,5,0.294118
262,12,2.116402,2696,82.370914,1862,86.123959,5,0.294118
84,13,2.292769,2700,82.493126,1870,86.493987,5,0.294118
449,14,2.469136,2700,82.493126,1870,86.493987,5,0.294118
401,15,2.645503,2711,82.829209,1876,86.771508,5,0.294118
4,16,2.821869,2737,83.623587,1884,87.141536,5,0.294118
101,17,2.998236,2737,83.623587,1884,87.141536,5,0.294118
157,18,3.174603,2737,83.623587,1884,87.141536,5,0.294118
69,19,3.350970,2737,83.623587,1884,87.141536,5,0.294118
95,20,3.527337,2737,83.623587,1884,87.141536,5,0.294118
447,21,3.703704,2737,83.623587,1884,87.141536,5,0.294118
487,22,3.880071,2737,83.623587,1884,87.141536,5,0.294118
478,23,4.056437,2737,83.623587,1884,87.141536,5,0.294118
222,24,4.232804,2737,83.623587,1884,87.141536,5,0.294118
128,25,4.409171,2737,83.623587,1884,87.141536,5,0.294118
