TestcaseNumber,TestcaseCount,TestcaseRatio,StatementCount,StatementRatio,BranchCount,BranchRatio,FaultCount,FaultRatio
69,1,0.176367,0,0.000000,0,0.000000,5,0.555556
339,2,0.352734,0,0.000000,0,0.000000,5,0.555556
233,3,0.529101,0,0.000000,0,0.000000,5,0.555556
257,4,0.705467,0,0.000000,0,0.000000,5,0.555556
234,5,0.881834,0,0.000000,0,0.000000,5,0.555556
