TestcaseNumber,TestcaseCount,TestcaseRatio,StatementCount,StatementRatio,BranchCount,BranchRatio,FaultCount,FaultRatio
108,1,0.270270,499,34.390076,469,35.449735,0,0.000000
127,2,0.540541,709,48.862853,645,48.752834,0,0.000000
112,3,0.810811,843,58.097864,810,61.224490,0,0.000000
138,4,1.081081,855,58.924879,820,61.980348,0,0.000000
286,5,1.351351,865,59.614059,824,62.282691,0,0.000000
181,6,1.621622,869,59.889731,824,62.282691,0,0.000000
177,7,1.891892,878,60.509993,826,62.433862,0,0.000000
235,8,2.162162,886,61.061337,826,62.433862,0,0.000000
234,9,2.432432,886,61.061337,826,62.433862,0,0.000000
361,10,2.702703,982,67.677464,940,71.050642,0,0.000000
151,11,2.972973,987,68.022054,942,71.201814,0,0.000000
149,12,3.243243,987,68.022054,942,71.201814,0,0.000000
343,13,3.513514,1008,69.469331,962,72.713530,0,0.000000
357,14,3.783784,1009,69.538249,964,72.864701,0,0.000000
134,15,4.054054,1026,70.709855,976,73.771731,0,0.000000
39,16,4.324324,1052,72.501723,984,74.376417,0,0.000000
73,17,4.594595,1052,72.501723,984,74.376417,0,0.000000
292,18,4.864865,1058,72.915231,986,74.527589,0,0.000000
220,19,5.135135,1065,73.397657,990,74.829932,0,0.000000
156,20,5.405405,1073,73.949001,998,75.434618,0,0.000000
338,21,5.675676,1073,73.949001,998,75.434618,0,0.000000
161,22,5.945946,1075,74.086837,998,75.434618,0,0.000000
48,23,6.216216,1075,74.086837,998,75.434618,0,0.000000
317,24,6.486486,1081,74.500345,1008,76.190476,0,0.000000
137,25,6.756757,1081,74.500345,1008,76.190476,0,0.000000
6,26,7.027027,1083,74.638181,1010,76.341648,0,0.000000
162,27,7.297297,1083,74.638181,1010,76.341648,0,0.000000
202,28,7.567568,1166,80.358374,1110,83.900227,0,0.000000
120,29,7.837838,1166,80.358374,1110,83.900227,0,0.000000
276,30,8.108108,1167,80.427292,1110,83.900227,0,0.000000
