TestcaseNumber,TestcaseCount,TestcaseRatio,StatementCount,StatementRatio,BranchCount,BranchRatio,FaultCount,FaultRatio
63,1,0.270270,563,38.800827,529,39.984883,0,0.000000
237,2,0.540541,601,41.419711,557,42.101285,0,0.000000
212,3,0.810811,732,50.447967,655,49.508692,0,0.000000
267,4,1.081081,744,51.274983,667,50.415722,0,0.000000
189,5,1.351351,898,61.888353,848,64.096750,0,0.000000
290,6,1.621622,907,62.508615,856,64.701436,0,0.000000
105,7,1.891892,912,62.853205,856,64.701436,0,0.000000
87,8,2.162162,918,63.266713,858,64.852608,0,0.000000
35,9,2.432432,945,65.127498,868,65.608466,0,0.000000
82,10,2.702703,948,65.334252,868,65.608466,0,0.000000
302,11,2.972973,948,65.334252,868,65.608466,0,0.000000
197,12,3.243243,978,67.401792,888,67.120181,0,0.000000
224,13,3.513514,984,67.815300,892,67.422525,0,0.000000
337,14,3.783784,988,68.090972,894,67.573696,0,0.000000
238,15,4.054054,988,68.090972,894,67.573696,0,0.000000
71,16,4.324324,988,68.090972,894,67.573696,0,0.000000
69,17,4.594595,988,68.090972,894,67.573696,0,0.000000
65,18,4.864865,988,68.090972,894,67.573696,0,0.000000
220,19,5.135135,1001,68.986906,900,68.027211,0,0.000000
55,20,5.405405,1001,68.986906,900,68.027211,0,0.000000
188,21,5.675676,1001,68.986906,900,68.027211,0,0.000000
