TestcaseNumber,TestcaseCount,TestcaseRatio,StatementCount,StatementRatio,BranchCount,BranchRatio,FaultCount,FaultRatio
463,1,0.123609,312,13.787008,357,16.066607,1,0.333333
167,2,0.247219,400,17.675652,443,19.936994,1,0.333333
791,3,0.370828,1002,44.277508,947,42.619262,1,0.333333
569,4,0.494438,1032,45.603182,973,43.789379,1,0.333333
372,5,0.618047,1314,58.064516,1264,56.885689,1,0.333333
380,6,0.741656,1436,63.455590,1386,62.376238,1,0.333333
173,7,0.865266,1436,63.455590,1386,62.376238,1,0.333333
211,8,0.988875,1446,63.897481,1396,62.826283,1,0.333333
763,9,1.112485,1449,64.030049,1398,62.916292,1,0.333333
391,10,1.236094,1449,64.030049,1398,62.916292,1,0.333333
317,11,1.359703,1482,65.488290,1424,64.086409,1,0.333333
454,12,1.483313,1493,65.974370,1428,64.266427,1,0.333333
449,13,1.606922,1495,66.062749,1436,64.626463,1,0.333333
243,14,1.730532,1501,66.327883,1442,64.896490,1,0.333333
185,15,1.854141,1515,66.946531,1454,65.436544,1,0.333333
117,16,1.977750,1518,67.079099,1456,65.526553,1,0.333333
91,17,2.101360,1518,67.079099,1456,65.526553,1,0.333333
220,18,2.224969,1518,67.079099,1456,65.526553,1,0.333333
775,19,2.348578,1520,67.167477,1456,65.526553,1,0.333333
585,20,2.472188,1692,74.768007,1584,71.287129,1,0.333333
676,21,2.595797,1716,75.828546,1634,73.537354,2,0.666667
50,22,2.719407,1740,76.889085,1644,73.987399,2,0.666667
695,23,2.843016,1745,77.110031,1648,74.167417,2,0.666667
115,24,2.966625,1750,77.330977,1648,74.167417,2,0.666667
239,25,3.090235,1750,77.330977,1648,74.167417,2,0.666667
673,26,3.213844,1757,77.640300,1658,74.617462,2,0.666667
805,27,3.337454,1773,78.347327,1672,75.247525,2,0.666667
245,28,3.461063,1773,78.347327,1672,75.247525,2,0.666667
597,29,3.584672,1775,78.435705,1672,75.247525,2,0.666667
555,30,3.708282,1776,78.479894,1672,75.247525,2,0.666667
116,31,3.831891,1776,78.479894,1672,75.247525,2,0.666667
101,32,3.955501,1779,78.612461,1674,75.337534,2,0.666667
749,33,4.079110,1781,78.700840,1682,75.697570,2,0.666667
164,34,4.202719,1781,78.700840,1682,75.697570,2,0.666667
230,35,4.326329,1781,78.700840,1682,75.697570,2,0.666667
334,36,4.449938,1781,78.700840,1682,75.697570,2,0.666667
291,37,4.573548,1781,78.700840,1682,75.697570,2,0.666667
453,38,4.697157,1781,78.700840,1682,75.697570,2,0.666667
570,39,4.820766,1782,78.745029,1686,75.877588,2,0.666667
578,40,4.944376,1783,78.789218,1686,75.877588,2,0.666667
58,41,5.067985,1783,78.789218,1686,75.877588,2,0.666667
537,42,5.191595,1795,79.319487,1688,75.967597,2,0.666667
221,43,5.315204,1795,79.319487,1688,75.967597,2,0.666667
593,44,5.438813,1801,79.584622,1688,75.967597,2,0.666667
113,45,5.562423,1801,79.584622,1688,75.967597,2,0.666667
632,46,5.686032,1806,79.805568,1690,76.057606,2,0.666667
375,47,5.809642,1807,79.849757,1694,76.237624,2,0.666667
648,48,5.933251,1837,81.175431,1744,78.487849,2,0.666667
369,49,6.056860,1837,81.175431,1744,78.487849,2,0.666667
550,50,6.180470,1837,81.175431,1744,78.487849,2,0.666667
184,51,6.304079,1837,81.175431,1752,78.847885,2,0.666667
145,52,6.427689,1837,81.175431,1752,78.847885,2,0.666667
762,53,6.551298,1837,81.175431,1752,78.847885,2,0.666667
107,54,6.674907,1837,81.175431,1752,78.847885,2,0.666667
236,55,6.798517,1837,81.175431,1752,78.847885,2,0.666667
310,56,6.922126,1837,81.175431,1752,78.847885,2,0.666667
733,57,7.045735,1861,82.235970,1778,80.018002,2,0.666667
675,58,7.169345,1863,82.324348,1778,80.018002,2,0.666667
