TestcaseNumber,TestcaseCount,TestcaseRatio,StatementCount,StatementRatio,BranchCount,BranchRatio,FaultCount,FaultRatio
684,1,0.123609,153,6.760937,153,6.885689,1,0.333333
149,2,0.247219,1298,57.357490,1246,56.075608,1,0.333333
412,3,0.370828,1336,59.036677,1288,57.965797,1,0.333333
656,4,0.494438,1338,59.125055,1288,57.965797,1,0.333333
291,5,0.618047,1373,60.671675,1304,58.685869,1,0.333333
807,6,0.741656,1498,66.195316,1450,65.256526,2,0.666667
625,7,0.865266,1502,66.372072,1452,65.346535,2,0.666667
299,8,0.988875,1504,66.460451,1454,65.436544,2,0.666667
797,9,1.112485,1522,67.255855,1464,65.886589,2,0.666667
289,10,1.236094,1550,68.493151,1490,67.056706,2,0.666667
261,11,1.359703,1576,69.642068,1516,68.226823,2,0.666667
81,12,1.483313,1578,69.730446,1516,68.226823,2,0.666667
78,13,1.606922,1597,70.570040,1548,69.666967,2,0.666667
296,14,1.730532,1597,70.570040,1548,69.666967,2,0.666667
5,15,1.854141,1598,70.614229,1550,69.756976,2,0.666667
187,16,1.977750,1605,70.923553,1554,69.936994,2,0.666667
113,17,2.101360,1605,70.923553,1554,69.936994,2,0.666667
266,18,2.224969,1636,72.293416,1586,71.377138,2,0.666667
44,19,2.348578,1637,72.337605,1586,71.377138,2,0.666667
676,20,2.472188,1637,72.337605,1586,71.377138,2,0.666667
277,21,2.595797,1637,72.337605,1586,71.377138,2,0.666667
503,22,2.719407,1668,73.707468,1590,71.557156,2,0.666667
416,23,2.843016,1668,73.707468,1590,71.557156,2,0.666667
545,24,2.966625,1825,80.645161,1714,77.137714,2,0.666667
692,25,3.090235,1840,81.307998,1734,78.037804,2,0.666667
497,26,3.213844,1848,81.661511,1736,78.127813,2,0.666667
287,27,3.337454,1848,81.661511,1736,78.127813,2,0.666667
37,28,3.461063,1890,83.517455,1788,80.468047,2,0.666667
222,29,3.584672,1900,83.959346,1796,80.828083,2,0.666667
11,30,3.708282,1912,84.489616,1810,81.458146,2,0.666667
24,31,3.831891,1924,85.019885,1830,82.358236,2,0.666667
367,32,3.955501,1925,85.064074,1840,82.808281,2,0.666667
27,33,4.079110,1932,85.373398,1856,83.528353,2,0.666667
780,34,4.202719,1932,85.373398,1864,83.888389,2,0.666667
660,35,4.326329,1940,85.726911,1880,84.608461,2,0.666667
744,36,4.449938,1940,85.726911,1880,84.608461,2,0.666667
619,37,4.573548,1966,86.875829,1908,85.868587,2,0.666667
521,38,4.697157,1966,86.875829,1908,85.868587,2,0.666667
436,39,4.820766,1966,86.875829,1908,85.868587,2,0.666667
280,40,4.944376,1966,86.875829,1908,85.868587,2,0.666667
244,41,5.067985,1969,87.008396,1912,86.048605,2,0.666667
251,42,5.191595,1969,87.008396,1912,86.048605,2,0.666667
732,43,5.315204,1971,87.096774,1912,86.048605,2,0.666667
592,44,5.438813,1971,87.096774,1912,86.048605,2,0.666667
91,45,5.562423,1971,87.096774,1912,86.048605,2,0.666667
186,46,5.686032,1971,87.096774,1912,86.048605,2,0.666667
489,47,5.809642,1976,87.317720,1914,86.138614,2,0.666667
336,48,5.933251,1977,87.361909,1914,86.138614,2,0.666667
4,49,6.056860,1977,87.361909,1914,86.138614,2,0.666667
695,50,6.180470,1982,87.582855,1918,86.318632,2,0.666667
45,51,6.304079,1982,87.582855,1918,86.318632,2,0.666667
579,52,6.427689,1995,88.157313,1930,86.858686,2,0.666667
529,53,6.551298,1999,88.334070,1932,86.948695,2,0.666667
595,54,6.674907,1999,88.334070,1932,86.948695,2,0.666667
470,55,6.798517,1999,88.334070,1932,86.948695,2,0.666667
561,56,6.922126,1999,88.334070,1932,86.948695,2,0.666667
806,57,7.045735,1999,88.334070,1932,86.948695,2,0.666667
