TestcaseNumber,TestcaseCount,TestcaseRatio,StatementCount,StatementRatio,BranchCount,BranchRatio,FaultCount,FaultRatio
467,1,0.176367,536,65.847666,481,81.525424,9,0.473684
60,2,0.352734,548,67.321867,487,82.542373,14,0.736842
40,3,0.529101,552,67.813268,487,82.542373,14,0.736842
59,4,0.705467,560,68.796069,489,82.881356,14,0.736842
249,5,0.881834,560,68.796069,489,82.881356,14,0.736842
109,6,1.058201,560,68.796069,489,82.881356,14,0.736842
356,7,1.234568,560,68.796069,489,82.881356,14,0.736842
511,8,1.410935,560,68.796069,489,82.881356,14,0.736842
413,9,1.587302,560,68.796069,491,83.220339,16,0.842105
416,10,1.763668,563,69.164619,491,83.220339,16,0.842105
140,11,1.940035,563,69.164619,491,83.220339,16,0.842105
37,12,2.116402,563,69.164619,491,83.220339,16,0.842105
