TestcaseNumber,TestcaseCount,TestcaseRatio,StatementCount,StatementRatio,BranchCount,BranchRatio,FaultCount,FaultRatio
233,1,0.126103,1482,92.567146,1247,90.756914,5,1.000000
70,2,0.252207,1488,92.941911,1257,91.484716,5,1.000000
315,3,0.378310,1570,98.063710,1350,98.253275,5,1.000000
349,4,0.504414,1570,98.063710,1350,98.253275,5,1.000000
789,5,0.630517,1583,98.875703,1364,99.272198,5,1.000000
277,6,0.756620,1583,98.875703,1364,99.272198,5,1.000000
