TestcaseNumber,TestcaseCount,TestcaseRatio,StatementCount,StatementRatio,BranchCount,BranchRatio,FaultCount,FaultRatio
80,1,0.270270,522,43.391521,443,51.934349,0,0.000000
278,2,0.540541,601,49.958437,504,59.085580,1,0.250000
53,3,0.810811,633,52.618454,530,62.133646,2,0.500000
171,4,1.081081,794,66.001663,641,75.146542,2,0.500000
261,5,1.351351,794,66.001663,641,75.146542,2,0.500000
328,6,1.621622,853,70.906068,687,80.539273,3,0.750000
199,7,1.891892,861,71.571072,691,81.008206,3,0.750000
337,8,2.162162,876,72.817955,701,82.180539,3,0.750000
319,9,2.432432,876,72.817955,701,82.180539,3,0.750000
49,10,2.702703,876,72.817955,701,82.180539,3,0.750000
109,11,2.972973,876,72.817955,701,82.180539,3,0.750000
248,12,3.243243,896,74.480466,707,82.883939,3,0.750000
361,13,3.513514,908,75.477972,718,84.173505,3,0.750000
11,14,3.783784,926,76.974231,722,84.642438,3,0.750000
304,15,4.054054,926,76.974231,722,84.642438,3,0.750000
366,16,4.324324,949,78.886118,741,86.869871,3,0.750000
154,17,4.594595,949,78.886118,741,86.869871,3,0.750000
145,18,4.864865,949,78.886118,741,86.869871,3,0.750000
184,19,5.135135,955,79.384871,741,86.869871,3,0.750000
66,20,5.405405,955,79.384871,741,86.869871,3,0.750000
274,21,5.675676,962,79.966750,745,87.338804,3,0.750000
260,22,5.945946,962,79.966750,745,87.338804,3,0.750000
35,23,6.216216,965,80.216126,745,87.338804,3,0.750000
327,24,6.486486,965,80.216126,745,87.338804,3,0.750000
