TestcaseNumber,TestcaseCount,TestcaseRatio,StatementCount,StatementRatio,BranchCount,BranchRatio,FaultCount,FaultRatio
11,1,0.270270,93,7.730673,74,8.675264,0,0.000000
317,2,0.540541,655,54.447215,504,59.085580,0,0.000000
261,3,0.810811,732,60.847880,565,66.236811,1,0.250000
251,4,1.081081,798,66.334165,611,71.629543,1,0.250000
280,5,1.351351,807,67.082294,619,72.567409,1,0.250000
217,6,1.621622,815,67.747298,633,74.208675,1,0.250000
35,7,1.891892,820,68.162926,633,74.208675,1,0.250000
350,8,2.162162,820,68.162926,633,74.208675,1,0.250000
15,9,2.432432,826,68.661679,633,74.208675,1,0.250000
3,10,2.702703,830,68.994181,633,74.208675,1,0.250000
184,11,2.972973,877,72.901081,674,79.015240,1,0.250000
84,12,3.243243,883,73.399834,678,79.484174,2,0.500000
185,13,3.513514,883,73.399834,678,79.484174,3,0.750000
71,14,3.783784,903,75.062344,700,82.063306,3,0.750000
108,15,4.054054,904,75.145470,702,82.297773,3,0.750000
23,16,4.324324,929,77.223608,708,83.001172,3,0.750000
360,17,4.594595,948,78.802993,725,84.994138,3,0.750000
60,18,4.864865,948,78.802993,725,84.994138,3,0.750000
278,19,5.135135,948,78.802993,725,84.994138,3,0.750000
74,20,5.405405,948,78.802993,725,84.994138,3,0.750000
238,21,5.675676,948,78.802993,725,84.994138,3,0.750000
325,22,5.945946,948,78.802993,725,84.994138,3,0.750000
309,23,6.216216,952,79.135495,725,84.994138,3,0.750000
275,24,6.486486,959,79.717373,729,85.463072,3,0.750000
128,25,6.756757,959,79.717373,729,85.463072,3,0.750000
169,26,7.027027,965,80.216126,735,86.166471,3,0.750000
188,27,7.297297,965,80.216126,735,86.166471,3,0.750000
333,28,7.567568,965,80.216126,735,86.166471,3,0.750000
130,29,7.837838,965,80.216126,735,86.166471,3,0.750000
47,30,8.108108,968,80.465503,737,86.400938,3,0.750000
120,31,8.378378,968,80.465503,737,86.400938,3,0.750000
246,32,8.648649,968,80.465503,737,86.400938,3,0.750000
277,33,8.918919,1006,83.624273,765,89.683470,3,0.750000
51,34,9.189189,1006,83.624273,765,89.683470,3,0.750000
142,35,9.459459,1006,83.624273,765,89.683470,3,0.750000
235,36,9.729730,1006,83.624273,765,89.683470,3,0.750000
24,37,10.000000,1009,83.873649,765,89.683470,3,0.750000
8,38,10.270270,1009,83.873649,765,89.683470,3,0.750000
198,39,10.540541,1017,84.538653,767,89.917937,3,0.750000
186,40,10.810811,1017,84.538653,767,89.917937,3,0.750000
349,41,11.081081,1017,84.538653,767,89.917937,3,0.750000
