TestcaseNumber,TestcaseCount,TestcaseRatio,StatementCount,StatementRatio,BranchCount,BranchRatio,FaultCount,FaultRatio
147,1,0.270270,569,47.298421,450,52.754982,1,0.250000
170,2,0.540541,701,58.270989,574,67.291911,1,0.250000
254,3,0.810811,735,61.097257,596,69.871043,1,0.250000
354,4,1.081081,743,61.762261,598,70.105510,1,0.250000
271,5,1.351351,753,62.593516,600,70.339977,1,0.250000
257,6,1.621622,769,63.923525,615,72.098476,2,0.500000
97,7,1.891892,772,64.172901,615,72.098476,2,0.500000
183,8,2.162162,773,64.256027,615,72.098476,2,0.500000
211,9,2.432432,783,65.087282,619,72.567409,2,0.500000
58,10,2.702703,829,68.911056,651,76.318875,3,0.750000
232,11,2.972973,863,71.737323,681,79.835873,3,0.750000
41,12,3.243243,863,71.737323,681,79.835873,3,0.750000
284,13,3.513514,889,73.898587,699,81.946073,3,0.750000
25,14,3.783784,910,75.644223,705,82.649472,3,0.750000
339,15,4.054054,910,75.644223,705,82.649472,3,0.750000
353,16,4.324324,910,75.644223,705,82.649472,3,0.750000
27,17,4.594595,939,78.054863,735,86.166471,3,0.750000
209,18,4.864865,939,78.054863,735,86.166471,3,0.750000
219,19,5.135135,939,78.054863,735,86.166471,3,0.750000
286,20,5.405405,939,78.054863,735,86.166471,3,0.750000
291,21,5.675676,953,79.218620,749,87.807737,3,0.750000
343,22,5.945946,956,79.467997,751,88.042204,3,0.750000
76,23,6.216216,956,79.467997,751,88.042204,3,0.750000
8,24,6.486486,975,81.047382,753,88.276671,3,0.750000
328,25,6.756757,978,81.296758,755,88.511137,3,0.750000
163,26,7.027027,978,81.296758,755,88.511137,3,0.750000
299,27,7.297297,978,81.296758,755,88.511137,3,0.750000
212,28,7.567568,978,81.296758,755,88.511137,3,0.750000
46,29,7.837838,978,81.296758,755,88.511137,3,0.750000
133,30,8.108108,981,81.546135,759,88.980070,3,0.750000
157,31,8.378378,981,81.546135,759,88.980070,3,0.750000
292,32,8.648649,981,81.546135,759,88.980070,3,0.750000
36,33,8.918919,985,81.878637,763,89.449004,3,0.750000
7,34,9.189189,985,81.878637,763,89.449004,3,0.750000
228,35,9.459459,988,82.128013,763,89.449004,3,0.750000
130,36,9.729730,988,82.128013,763,89.449004,3,0.750000
312,37,10.000000,988,82.128013,763,89.449004,3,0.750000
54,38,10.270270,988,82.128013,763,89.449004,3,0.750000
