TestcaseNumber,TestcaseCount,TestcaseRatio,StatementCount,StatementRatio,BranchCount,BranchRatio,FaultCount,FaultRatio
86,1,0.270270,494,41.064007,404,47.362251,1,0.250000
256,2,0.540541,530,44.056525,456,53.458382,1,0.250000
307,3,0.810811,683,56.774730,575,67.409144,1,0.250000
320,4,1.081081,722,60.016625,606,71.043376,1,0.250000
233,5,1.351351,757,62.926018,630,73.856975,2,0.500000
361,6,1.621622,763,63.424771,632,74.091442,2,0.500000
277,7,1.891892,801,66.583541,662,77.608441,2,0.500000
15,8,2.162162,826,68.661679,664,77.842907,2,0.500000
319,9,2.432432,836,69.492934,666,78.077374,2,0.500000
239,10,2.702703,887,73.732336,704,82.532239,3,0.750000
306,11,2.972973,887,73.732336,704,82.532239,3,0.750000
42,12,3.243243,909,75.561097,712,83.470106,3,0.750000
276,13,3.513514,910,75.644223,712,83.470106,3,0.750000
188,14,3.783784,914,75.976725,714,83.704572,3,0.750000
337,15,4.054054,914,75.976725,714,83.704572,3,0.750000
253,16,4.324324,914,75.976725,714,83.704572,3,0.750000
80,17,4.594595,914,75.976725,714,83.704572,3,0.750000
48,18,4.864865,917,76.226101,716,83.939039,3,0.750000
122,19,5.135135,917,76.226101,716,83.939039,3,0.750000
231,20,5.405405,917,76.226101,718,84.173505,3,0.750000
41,21,5.675676,917,76.226101,718,84.173505,3,0.750000
18,22,5.945946,918,76.309227,720,84.407972,3,0.750000
132,23,6.216216,937,77.888612,732,85.814771,3,0.750000
58,24,6.486486,937,77.888612,732,85.814771,3,0.750000
207,25,6.756757,945,78.553616,736,86.283705,3,0.750000
67,26,7.027027,945,78.553616,736,86.283705,3,0.750000
290,27,7.297297,951,79.052369,740,86.752638,3,0.750000
74,28,7.567568,951,79.052369,740,86.752638,3,0.750000
14,29,7.837838,953,79.218620,742,86.987104,3,0.750000
245,30,8.108108,953,79.218620,742,86.987104,3,0.750000
26,31,8.378378,977,81.213633,766,89.800703,3,0.750000
170,32,8.648649,977,81.213633,766,89.800703,3,0.750000
139,33,8.918919,985,81.878637,774,90.738570,3,0.750000
224,34,9.189189,985,81.878637,774,90.738570,3,0.750000
196,35,9.459459,985,81.878637,774,90.738570,3,0.750000
232,36,9.729730,985,81.878637,774,90.738570,3,0.750000
7,37,10.000000,985,81.878637,774,90.738570,3,0.750000
