TestcaseNumber,TestcaseCount,TestcaseRatio,StatementCount,StatementRatio,BranchCount,BranchRatio,FaultCount,FaultRatio
170,1,0.270270,642,53.366584,528,61.899179,0,0.000000
261,2,0.540541,725,60.266002,591,69.284877,1,0.250000
224,3,0.810811,767,63.757273,617,72.332943,1,0.250000
90,4,1.081081,804,66.832918,649,76.084408,1,0.250000
205,5,1.351351,812,67.497922,653,76.553341,1,0.250000
165,6,1.621622,869,72.236076,695,81.477140,2,0.500000
308,7,1.891892,883,73.399834,716,83.939039,2,0.500000
24,8,2.162162,896,74.480466,716,83.939039,2,0.500000
234,9,2.432432,897,74.563591,716,83.939039,2,0.500000
123,10,2.702703,900,74.812968,718,84.173505,3,0.750000
296,11,2.972973,900,74.812968,720,84.407972,3,0.750000
148,12,3.243243,906,75.311721,720,84.407972,3,0.750000
217,13,3.513514,906,75.311721,720,84.407972,3,0.750000
338,14,3.783784,915,76.059850,726,85.111372,3,0.750000
121,15,4.054054,915,76.059850,726,85.111372,3,0.750000
133,16,4.324324,918,76.309227,730,85.580305,3,0.750000
321,17,4.594595,918,76.309227,730,85.580305,3,0.750000
232,18,4.864865,918,76.309227,730,85.580305,3,0.750000
128,19,5.135135,918,76.309227,730,85.580305,3,0.750000
136,20,5.405405,934,77.639235,740,86.752638,3,0.750000
239,21,5.675676,934,77.639235,740,86.752638,3,0.750000
226,22,5.945946,934,77.639235,740,86.752638,3,0.750000
290,23,6.216216,936,77.805486,740,86.752638,3,0.750000
40,24,6.486486,936,77.805486,740,86.752638,3,0.750000
304,25,6.756757,936,77.805486,740,86.752638,3,0.750000
203,26,7.027027,936,77.805486,740,86.752638,3,0.750000
141,27,7.297297,937,77.888612,740,86.752638,3,0.750000
144,28,7.567568,937,77.888612,740,86.752638,3,0.750000
177,29,7.837838,937,77.888612,740,86.752638,3,0.750000
244,30,8.108108,937,77.888612,740,86.752638,3,0.750000
138,31,8.378378,937,77.888612,740,86.752638,3,0.750000
220,32,8.648649,940,78.137988,740,86.752638,3,0.750000
73,33,8.918919,940,78.137988,740,86.752638,3,0.750000
298,34,9.189189,940,78.137988,740,86.752638,3,0.750000
202,35,9.459459,959,79.717373,755,88.511137,3,0.750000
278,36,9.729730,959,79.717373,755,88.511137,3,0.750000
323,37,10.000000,959,79.717373,755,88.511137,3,0.750000
18,38,10.270270,960,79.800499,757,88.745604,3,0.750000
56,39,10.540541,960,79.800499,757,88.745604,3,0.750000
254,40,10.810811,960,79.800499,757,88.745604,3,0.750000
53,41,11.081081,960,79.800499,757,88.745604,3,0.750000
252,42,11.351351,960,79.800499,757,88.745604,3,0.750000
335,43,11.621622,960,79.800499,757,88.745604,3,0.750000
275,44,11.891892,960,79.800499,757,88.745604,3,0.750000
209,45,12.162162,960,79.800499,757,88.745604,3,0.750000
