TestcaseNumber,TestcaseCount,TestcaseRatio,StatementCount,StatementRatio,BranchCount,BranchRatio,FaultCount,FaultRatio
63,1,0.270270,543,45.137157,453,53.106682,0,0.000000
145,2,0.540541,692,57.522860,560,65.650645,1,0.250000
115,3,0.810811,726,60.349127,584,68.464244,1,0.250000
243,4,1.081081,734,61.014131,586,68.698710,1,0.250000
157,5,1.351351,740,61.512884,590,69.167644,2,0.500000
75,6,1.621622,743,61.762261,590,69.167644,2,0.500000
11,7,1.891892,772,64.172901,596,69.871043,2,0.500000
197,8,2.162162,813,67.581047,636,74.560375,2,0.500000
14,9,2.432432,815,67.747298,638,74.794842,2,0.500000
177,10,2.702703,825,68.578554,644,75.498242,2,0.500000
161,11,2.972973,825,68.578554,644,75.498242,2,0.500000
149,12,3.243243,835,69.409809,655,76.787808,2,0.500000
206,13,3.513514,847,70.407315,665,77.960141,2,0.500000
218,14,3.783784,847,70.407315,665,77.960141,2,0.500000
200,15,4.054054,912,75.810474,712,83.470106,3,0.750000
131,16,4.324324,912,75.810474,712,83.470106,3,0.750000
109,17,4.594595,912,75.810474,712,83.470106,3,0.750000
153,18,4.864865,916,76.142976,712,83.470106,3,0.750000
7,19,5.135135,925,76.891106,712,83.470106,3,0.750000
165,20,5.405405,925,76.891106,712,83.470106,3,0.750000
43,21,5.675676,925,76.891106,712,83.470106,3,0.750000
345,22,5.945946,954,79.301746,733,85.932005,3,0.750000
159,23,6.216216,954,79.301746,733,85.932005,3,0.750000
231,24,6.486486,962,79.966750,737,86.400938,3,0.750000
300,25,6.756757,966,80.299252,739,86.635404,3,0.750000
308,26,7.027027,966,80.299252,739,86.635404,3,0.750000
301,27,7.297297,966,80.299252,739,86.635404,3,0.750000
351,28,7.567568,971,80.714879,745,87.338804,3,0.750000
214,29,7.837838,971,80.714879,745,87.338804,3,0.750000
70,30,8.108108,975,81.047382,751,88.042204,3,0.750000
25,31,8.378378,996,82.793017,757,88.745604,3,0.750000
103,32,8.648649,996,82.793017,757,88.745604,3,0.750000
44,33,8.918919,996,82.793017,757,88.745604,3,0.750000
224,34,9.189189,997,82.876143,757,88.745604,3,0.750000
203,35,9.459459,997,82.876143,757,88.745604,3,0.750000
363,36,9.729730,1061,88.196176,785,92.028136,3,0.750000
340,37,10.000000,1061,88.196176,785,92.028136,3,0.750000
