TestcaseNumber,TestcaseCount,TestcaseRatio,StatementCount,StatementRatio,BranchCount,BranchRatio,FaultCount,FaultRatio
195,1,0.467290,525,49.763033,443,49.608063,1,0.200000
87,2,0.934579,566,53.649289,479,53.639418,1,0.200000
120,3,1.401869,566,53.649289,479,53.639418,1,0.200000
28,4,1.869159,592,56.113744,493,55.207167,1,0.200000
20,5,2.336449,592,56.113744,493,55.207167,2,0.400000
81,6,2.803738,592,56.113744,493,55.207167,2,0.400000
18,7,3.271028,654,61.990521,549,61.478163,3,0.600000
134,8,3.738318,654,61.990521,549,61.478163,3,0.600000
86,9,4.205607,655,62.085308,549,61.478163,3,0.600000
128,10,4.672897,655,62.085308,549,61.478163,3,0.600000
61,11,5.140187,655,62.085308,549,61.478163,3,0.600000
2,12,5.607477,662,62.748815,551,61.702128,3,0.600000
55,13,6.074766,662,62.748815,551,61.702128,3,0.600000
58,14,6.542056,662,62.748815,551,61.702128,3,0.600000
149,15,7.009346,662,62.748815,551,61.702128,3,0.600000
106,16,7.476636,662,62.748815,551,61.702128,3,0.600000
