TestcaseNumber,TestcaseCount,TestcaseRatio,StatementCount,StatementRatio,BranchCount,BranchRatio,FaultCount,FaultRatio
126,1,0.467290,498,47.203791,421,47.144457,1,0.200000
20,2,0.934579,498,47.203791,421,47.144457,2,0.400000
64,3,1.401869,565,53.554502,469,52.519597,2,0.400000
123,4,1.869159,567,53.744076,471,52.743561,2,0.400000
115,5,2.336449,568,53.838863,471,52.743561,2,0.400000
74,6,2.803738,569,53.933649,473,52.967525,2,0.400000
172,7,3.271028,570,54.028436,479,53.639418,2,0.400000
176,8,3.738318,570,54.028436,479,53.639418,2,0.400000
209,9,4.205607,570,54.028436,479,53.639418,2,0.400000
112,10,4.672897,570,54.028436,479,53.639418,2,0.400000
155,11,5.140187,570,54.028436,479,53.639418,2,0.400000
120,12,5.607477,570,54.028436,479,53.639418,2,0.400000
201,13,6.074766,570,54.028436,479,53.639418,2,0.400000
193,14,6.542056,570,54.028436,479,53.639418,2,0.400000
