TestcaseNumber,TestcaseCount,TestcaseRatio,StatementCount,StatementRatio,BranchCount,BranchRatio,FaultCount,FaultRatio
141,1,0.123609,860,49.002849,755,43.692130,3,0.375000
223,2,0.247219,950,54.131054,836,48.379630,3,0.375000
343,3,0.370828,1023,58.290598,926,53.587963,4,0.500000
745,4,0.494438,1026,58.461538,926,53.587963,4,0.500000
169,5,0.618047,1043,59.430199,962,55.671296,5,0.625000
461,6,0.741656,1044,59.487179,968,56.018519,5,0.625000
473,7,0.865266,1054,60.056980,972,56.250000,5,0.625000
193,8,0.988875,1090,62.108262,1004,58.101852,5,0.625000
698,9,1.112485,1095,62.393162,1008,58.333333,5,0.625000
764,10,1.236094,1098,62.564103,1010,58.449074,5,0.625000
509,11,1.359703,1219,69.458689,1100,63.657407,5,0.625000
411,12,1.483313,1240,70.655271,1126,65.162037,5,0.625000
354,13,1.606922,1240,70.655271,1126,65.162037,5,0.625000
10,14,1.730532,1295,73.789174,1214,70.254630,5,0.625000
669,15,1.854141,1338,76.239316,1286,74.421296,5,0.625000
468,16,1.977750,1338,76.239316,1286,74.421296,5,0.625000
145,17,2.101360,1338,76.239316,1286,74.421296,5,0.625000
249,18,2.224969,1338,76.239316,1286,74.421296,5,0.625000
201,19,2.348578,1338,76.239316,1286,74.421296,5,0.625000
739,20,2.472188,1342,76.467236,1290,74.652778,5,0.625000
696,21,2.595797,1342,76.467236,1290,74.652778,5,0.625000
399,22,2.719407,1342,76.467236,1292,74.768519,5,0.625000
500,23,2.843016,1347,76.752137,1302,75.347222,5,0.625000
4,24,2.966625,1347,76.752137,1302,75.347222,5,0.625000
370,25,3.090235,1356,77.264957,1324,76.620370,5,0.625000
588,26,3.213844,1356,77.264957,1324,76.620370,5,0.625000
335,27,3.337454,1356,77.264957,1334,77.199074,5,0.625000
25,28,3.461063,1365,77.777778,1340,77.546296,5,0.625000
454,29,3.584672,1365,77.777778,1340,77.546296,5,0.625000
209,30,3.708282,1368,77.948718,1344,77.777778,5,0.625000
31,31,3.831891,1368,77.948718,1344,77.777778,5,0.625000
714,32,3.955501,1370,78.062678,1348,78.009259,5,0.625000
677,33,4.079110,1370,78.062678,1348,78.009259,5,0.625000
585,34,4.202719,1373,78.233618,1348,78.009259,5,0.625000
591,35,4.326329,1373,78.233618,1348,78.009259,5,0.625000
438,36,4.449938,1373,78.233618,1348,78.009259,5,0.625000
682,37,4.573548,1373,78.233618,1348,78.009259,5,0.625000
243,38,4.697157,1373,78.233618,1348,78.009259,5,0.625000
85,39,4.820766,1374,78.290598,1348,78.009259,5,0.625000
402,40,4.944376,1374,78.290598,1348,78.009259,5,0.625000
68,41,5.067985,1395,79.487179,1366,79.050926,5,0.625000
218,42,5.191595,1395,79.487179,1366,79.050926,5,0.625000
407,43,5.315204,1395,79.487179,1366,79.050926,5,0.625000
495,44,5.438813,1406,80.113960,1374,79.513889,5,0.625000
412,45,5.562423,1406,80.113960,1374,79.513889,5,0.625000
239,46,5.686032,1406,80.113960,1374,79.513889,5,0.625000
267,47,5.809642,1406,80.113960,1374,79.513889,5,0.625000
244,48,5.933251,1406,80.113960,1374,79.513889,5,0.625000
384,49,6.056860,1406,80.113960,1374,79.513889,5,0.625000
47,50,6.180470,1406,80.113960,1374,79.513889,5,0.625000
673,51,6.304079,1413,80.512821,1382,79.976852,5,0.625000
289,52,6.427689,1414,80.569801,1382,79.976852,5,0.625000
757,53,6.551298,1427,81.310541,1392,80.555556,5,0.625000
278,54,6.674907,1427,81.310541,1392,80.555556,5,0.625000
151,55,6.798517,1427,81.310541,1392,80.555556,5,0.625000
733,56,6.922126,1431,81.538462,1392,80.555556,5,0.625000
718,57,7.045735,1447,82.450142,1424,82.407407,5,0.625000
680,58,7.169345,1448,82.507123,1440,83.333333,5,0.625000
379,59,7.292954,1448,82.507123,1440,83.333333,5,0.625000
721,60,7.416564,1451,82.678063,1442,83.449074,5,0.625000
95,61,7.540173,1451,82.678063,1442,83.449074,5,0.625000
273,62,7.663782,1476,84.102564,1466,84.837963,6,0.750000
225,63,7.787392,1476,84.102564,1466,84.837963,6,0.750000
326,64,7.911001,1476,84.102564,1466,84.837963,6,0.750000
196,65,8.034611,1476,84.102564,1466,84.837963,6,0.750000
621,66,8.158220,1476,84.102564,1466,84.837963,6,0.750000
306,67,8.281829,1476,84.102564,1466,84.837963,6,0.750000
537,68,8.405439,1479,84.273504,1466,84.837963,6,0.750000
338,69,8.529048,1479,84.273504,1466,84.837963,6,0.750000
353,70,8.652658,1479,84.273504,1466,84.837963,6,0.750000
712,71,8.776267,1479,84.273504,1466,84.837963,6,0.750000
760,72,8.899876,1497,85.299145,1506,87.152778,6,0.750000
2,73,9.023486,1497,85.299145,1506,87.152778,6,0.750000
22,74,9.147095,1497,85.299145,1506,87.152778,6,0.750000
590,75,9.270705,1503,85.641026,1506,87.152778,6,0.750000
165,76,9.394314,1503,85.641026,1506,87.152778,6,0.750000
3,77,9.517923,1505,85.754986,1506,87.152778,6,0.750000
562,78,9.641533,1505,85.754986,1506,87.152778,6,0.750000
762,79,9.765142,1508,85.925926,1508,87.268519,6,0.750000
322,80,9.888752,1508,85.925926,1508,87.268519,6,0.750000
748,81,10.012361,1509,85.982906,1508,87.268519,6,0.750000
589,82,10.135970,1509,85.982906,1508,87.268519,6,0.750000
577,83,10.259580,1509,85.982906,1508,87.268519,6,0.750000
569,84,10.383189,1515,86.324786,1508,87.268519,7,0.875000
634,85,10.506799,1520,86.609687,1510,87.384259,7,0.875000
423,86,10.630408,1520,86.609687,1510,87.384259,8,1.000000
337,87,10.754017,1520,86.609687,1510,87.384259,8,1.000000
181,88,10.877627,1520,86.609687,1510,87.384259,8,1.000000
502,89,11.001236,1520,86.609687,1510,87.384259,8,1.000000
