TestcaseNumber,TestcaseCount,TestcaseRatio,StatementCount,StatementRatio,BranchCount,BranchRatio,FaultCount,FaultRatio
232,1,0.176367,1754,51.166861,1411,63.330341,4,0.250000
61,2,0.352734,1935,56.446908,1509,67.728905,4,0.250000
463,3,0.529101,2083,60.764294,1588,71.274686,5,0.312500
354,4,0.705467,2309,67.357060,1720,77.199282,5,0.312500
161,5,0.881834,2367,69.049008,1752,78.635548,5,0.312500
451,6,1.058201,2394,69.836639,1764,79.174147,5,0.312500
386,7,1.234568,2540,74.095683,1810,81.238779,10,0.625000
149,8,1.410935,2542,74.154026,1810,81.238779,10,0.625000
170,9,1.587302,2547,74.299883,1810,81.238779,10,0.625000
283,10,1.763668,2547,74.299883,1810,81.238779,10,0.625000
476,11,1.940035,2547,74.299883,1810,81.238779,10,0.625000
235,12,2.116402,2553,74.474912,1810,81.238779,11,0.687500
175,13,2.292769,2553,74.474912,1810,81.238779,11,0.687500
28,14,2.469136,2553,74.474912,1810,81.238779,11,0.687500
202,15,2.645503,2553,74.474912,1810,81.238779,11,0.687500
552,16,2.821869,2562,74.737456,1814,81.418312,11,0.687500
292,17,2.998236,2562,74.737456,1814,81.418312,11,0.687500
230,18,3.174603,2562,74.737456,1814,81.418312,11,0.687500
439,19,3.350970,2565,74.824971,1814,81.418312,11,0.687500
547,20,3.527337,2639,76.983664,1850,83.034111,11,0.687500
454,21,3.703704,2639,76.983664,1850,83.034111,11,0.687500
137,22,3.880071,2639,76.983664,1850,83.034111,11,0.687500
5,23,4.056437,2648,77.246208,1852,83.123878,11,0.687500
142,24,4.232804,2648,77.246208,1852,83.123878,11,0.687500
565,25,4.409171,2686,78.354726,1862,83.572711,11,0.687500
6,26,4.585538,2766,80.688448,1934,86.804309,11,0.687500
211,27,4.761905,2766,80.688448,1934,86.804309,11,0.687500
447,28,4.938272,2766,80.688448,1934,86.804309,11,0.687500
375,29,5.114638,2766,80.688448,1934,86.804309,11,0.687500
27,30,5.291005,2766,80.688448,1934,86.804309,11,0.687500
82,31,5.467372,2766,80.688448,1934,86.804309,11,0.687500
401,32,5.643739,2766,80.688448,1934,86.804309,11,0.687500
406,33,5.820106,2766,80.688448,1934,86.804309,11,0.687500
43,34,5.996473,2766,80.688448,1934,86.804309,11,0.687500
155,35,6.172840,2766,80.688448,1934,86.804309,11,0.687500
66,36,6.349206,2766,80.688448,1934,86.804309,11,0.687500
456,37,6.525573,2766,80.688448,1934,86.804309,11,0.687500
57,38,6.701940,2766,80.688448,1934,86.804309,11,0.687500
450,39,6.878307,2766,80.688448,1934,86.804309,11,0.687500
157,40,7.054674,2766,80.688448,1934,86.804309,11,0.687500
429,41,7.231041,2766,80.688448,1934,86.804309,11,0.687500
16,42,7.407407,2772,80.863477,1936,86.894075,11,0.687500
287,43,7.583774,2772,80.863477,1936,86.894075,11,0.687500
297,44,7.760141,2772,80.863477,1936,86.894075,11,0.687500
50,45,7.936508,2772,80.863477,1936,86.894075,11,0.687500
210,46,8.112875,2772,80.863477,1936,86.894075,11,0.687500
114,47,8.289242,2772,80.863477,1936,86.894075,11,0.687500
146,48,8.465608,2772,80.863477,1936,86.894075,11,0.687500
383,49,8.641975,2772,80.863477,1936,86.894075,11,0.687500
551,50,8.818342,2778,81.038506,1936,86.894075,11,0.687500
92,51,8.994709,2778,81.038506,1936,86.894075,11,0.687500
201,52,9.171076,2778,81.038506,1936,86.894075,11,0.687500
204,53,9.347443,2778,81.038506,1936,86.894075,11,0.687500
537,54,9.523810,2785,81.242707,1936,86.894075,11,0.687500
