TestcaseNumber,TestcaseCount,TestcaseRatio,StatementCount,StatementRatio,BranchCount,BranchRatio,FaultCount,FaultRatio
758,1,0.123609,773,33.903509,679,30.793651,0,0.000000
188,2,0.247219,1184,51.929825,1138,51.609977,0,0.000000
682,3,0.370828,1237,54.254386,1214,55.056689,0,0.000000
475,4,0.494438,1245,54.605263,1216,55.147392,0,0.000000
526,5,0.618047,1442,63.245614,1358,61.587302,1,0.250000
749,6,0.741656,1561,68.464912,1462,66.303855,1,0.250000
406,7,0.865266,1616,70.877193,1528,69.297052,1,0.250000
721,8,0.988875,1685,73.903509,1617,73.333333,1,0.250000
382,9,1.112485,1703,74.692982,1645,74.603175,1,0.250000
707,10,1.236094,1705,74.780702,1647,74.693878,1,0.250000
198,11,1.359703,1708,74.912281,1649,74.784580,1,0.250000
571,12,1.483313,1712,75.087719,1649,74.784580,2,0.500000
604,13,1.606922,1712,75.087719,1649,74.784580,2,0.500000
432,14,1.730532,1731,75.921053,1661,75.328798,2,0.500000
445,15,1.854141,1746,76.578947,1673,75.873016,2,0.500000
178,16,1.977750,1753,76.885965,1685,76.417234,2,0.500000
620,17,2.101360,1758,77.105263,1689,76.598639,2,0.500000
163,18,2.224969,1761,77.236842,1693,76.780045,2,0.500000
376,19,2.348578,1761,77.236842,1693,76.780045,2,0.500000
186,20,2.472188,1761,77.236842,1693,76.780045,2,0.500000
214,21,2.595797,1761,77.236842,1693,76.780045,2,0.500000
128,22,2.719407,1761,77.236842,1693,76.780045,2,0.500000
200,23,2.843016,1761,77.236842,1693,76.780045,2,0.500000
544,24,2.966625,1761,77.236842,1693,76.780045,3,0.750000
212,25,3.090235,1761,77.236842,1693,76.780045,3,0.750000
303,26,3.213844,1788,78.421053,1705,77.324263,3,0.750000
100,27,3.337454,1794,78.684211,1711,77.596372,3,0.750000
558,28,3.461063,1795,78.728070,1711,77.596372,3,0.750000
253,29,3.584672,1795,78.728070,1711,77.596372,3,0.750000
370,30,3.708282,1795,78.728070,1711,77.596372,3,0.750000
786,31,3.831891,1798,78.859649,1713,77.687075,3,0.750000
625,32,3.955501,1803,79.078947,1717,77.868481,3,0.750000
1,33,4.079110,1804,79.122807,1717,77.868481,3,0.750000
738,34,4.202719,1804,79.122807,1717,77.868481,3,0.750000
427,35,4.326329,1804,79.122807,1717,77.868481,3,0.750000
613,36,4.449938,1827,80.131579,1743,79.047619,3,0.750000
179,37,4.573548,1827,80.131579,1743,79.047619,3,0.750000
420,38,4.697157,1827,80.131579,1743,79.047619,3,0.750000
51,39,4.820766,1827,80.131579,1743,79.047619,3,0.750000
434,40,4.944376,1827,80.131579,1751,79.410431,3,0.750000
609,41,5.067985,1827,80.131579,1751,79.410431,3,0.750000
155,42,5.191595,1827,80.131579,1751,79.410431,3,0.750000
788,43,5.315204,1875,82.236842,1809,82.040816,3,0.750000
396,44,5.438813,1875,82.236842,1809,82.040816,3,0.750000
455,45,5.562423,1875,82.236842,1809,82.040816,3,0.750000
456,46,5.686032,1875,82.236842,1809,82.040816,3,0.750000
469,47,5.809642,1882,82.543860,1811,82.131519,3,0.750000
378,48,5.933251,1882,82.543860,1811,82.131519,3,0.750000
809,49,6.056860,1882,82.543860,1811,82.131519,3,0.750000
76,50,6.180470,1883,82.587719,1811,82.131519,3,0.750000
358,51,6.304079,1884,82.631579,1811,82.131519,3,0.750000
120,52,6.427689,1884,82.631579,1811,82.131519,3,0.750000
234,53,6.551298,1884,82.631579,1811,82.131519,3,0.750000
83,54,6.674907,1884,82.631579,1811,82.131519,3,0.750000
261,55,6.798517,1909,83.728070,1837,83.310658,3,0.750000
437,56,6.922126,1909,83.728070,1837,83.310658,3,0.750000
757,57,7.045735,1915,83.991228,1843,83.582766,3,0.750000
624,58,7.169345,1923,84.342105,1851,83.945578,3,0.750000
553,59,7.292954,1923,84.342105,1851,83.945578,3,0.750000
350,60,7.416564,1923,84.342105,1851,83.945578,3,0.750000
219,61,7.540173,1923,84.342105,1851,83.945578,3,0.750000
308,62,7.663782,1923,84.342105,1851,83.945578,3,0.750000
698,63,7.787392,1928,84.561404,1855,84.126984,3,0.750000
60,64,7.911001,1928,84.561404,1855,84.126984,3,0.750000
745,65,8.034611,1928,84.561404,1855,84.126984,3,0.750000
168,66,8.158220,1928,84.561404,1855,84.126984,3,0.750000
733,67,8.281829,1929,84.605263,1855,84.126984,3,0.750000
157,68,8.405439,1929,84.605263,1855,84.126984,3,0.750000
380,69,8.529048,1929,84.605263,1855,84.126984,3,0.750000
345,70,8.652658,1929,84.605263,1855,84.126984,3,0.750000
743,71,8.776267,1929,84.605263,1855,84.126984,3,0.750000
277,72,8.899876,1931,84.692982,1855,84.126984,3,0.750000
448,73,9.023486,1931,84.692982,1855,84.126984,3,0.750000
353,74,9.147095,1931,84.692982,1855,84.126984,3,0.750000
772,75,9.270705,1931,84.692982,1855,84.126984,3,0.750000
290,76,9.394314,1931,84.692982,1855,84.126984,3,0.750000
614,77,9.517923,1931,84.692982,1855,84.126984,3,0.750000
657,78,9.641533,1931,84.692982,1855,84.126984,3,0.750000
115,79,9.765142,1931,84.692982,1855,84.126984,3,0.750000
159,80,9.888752,1931,84.692982,1855,84.126984,3,0.750000
351,81,10.012361,1931,84.692982,1855,84.126984,3,0.750000
741,82,10.135970,1931,84.692982,1855,84.126984,3,0.750000
77,83,10.259580,1931,84.692982,1855,84.126984,3,0.750000
654,84,10.383189,1931,84.692982,1855,84.126984,3,0.750000
538,85,10.506799,1931,84.692982,1855,84.126984,3,0.750000
439,86,10.630408,1931,84.692982,1855,84.126984,3,0.750000
265,87,10.754017,1940,85.087719,1861,84.399093,3,0.750000
442,88,10.877627,1940,85.087719,1861,84.399093,3,0.750000
722,89,11.001236,1940,85.087719,1861,84.399093,3,0.750000
33,90,11.124845,1940,85.087719,1861,84.399093,3,0.750000
705,91,11.248455,1942,85.175439,1863,84.489796,3,0.750000
802,92,11.372064,1942,85.175439,1863,84.489796,3,0.750000
