TestcaseNumber,TestcaseCount,TestcaseRatio,StatementCount,StatementRatio,BranchCount,BranchRatio,FaultCount,FaultRatio
194,1,0.176367,1786,52.544866,1353,61.277174,7,0.350000
329,2,0.352734,2269,66.754928,1649,74.682971,8,0.400000
122,3,0.529101,2356,69.314504,1695,76.766304,8,0.400000
372,4,0.705467,2356,69.314504,1695,76.766304,8,0.400000
517,5,0.881834,2373,69.814651,1703,77.128623,8,0.400000
127,6,1.058201,2408,70.844366,1721,77.943841,8,0.400000
17,7,1.234568,2476,72.844954,1767,80.027174,8,0.400000
202,8,1.410935,2476,72.844954,1767,80.027174,8,0.400000
481,9,1.587302,2476,72.844954,1767,80.027174,8,0.400000
57,10,1.763668,2481,72.992056,1767,80.027174,8,0.400000
163,11,1.940035,2560,75.316269,1812,82.065217,8,0.400000
56,12,2.116402,2560,75.316269,1812,82.065217,8,0.400000
2,13,2.292769,2602,76.551927,1812,82.065217,9,0.450000
322,14,2.469136,2602,76.551927,1812,82.065217,9,0.450000
25,15,2.645503,2604,76.610768,1812,82.065217,9,0.450000
323,16,2.821869,2605,76.640188,1812,82.065217,9,0.450000
365,17,2.998236,2605,76.640188,1812,82.065217,9,0.450000
407,18,3.174603,2605,76.640188,1812,82.065217,9,0.450000
46,19,3.350970,2606,76.669609,1812,82.065217,9,0.450000
74,20,3.527337,2606,76.669609,1812,82.065217,9,0.450000
177,21,3.703704,2606,76.669609,1812,82.065217,9,0.450000
399,22,3.880071,2606,76.669609,1812,82.065217,9,0.450000
164,23,4.056437,2606,76.669609,1812,82.065217,9,0.450000
514,24,4.232804,2606,76.669609,1812,82.065217,9,0.450000
39,25,4.409171,2611,76.816711,1814,82.155797,9,0.450000
265,26,4.585538,2611,76.816711,1814,82.155797,9,0.450000
530,27,4.761905,2734,80.435422,1876,84.963768,9,0.450000
135,28,4.938272,2734,80.435422,1876,84.963768,9,0.450000
91,29,5.114638,2734,80.435422,1876,84.963768,9,0.450000
457,30,5.291005,2734,80.435422,1876,84.963768,9,0.450000
415,31,5.467372,2734,80.435422,1876,84.963768,9,0.450000
280,32,5.643739,2734,80.435422,1876,84.963768,9,0.450000
398,33,5.820106,2734,80.435422,1876,84.963768,9,0.450000
431,34,5.996473,2734,80.435422,1876,84.963768,9,0.450000
245,35,6.172840,2734,80.435422,1876,84.963768,9,0.450000
68,36,6.349206,2813,82.759635,1906,86.322464,9,0.450000
563,37,6.525573,2819,82.936158,1908,86.413043,9,0.450000
437,38,6.701940,2819,82.936158,1908,86.413043,9,0.450000
417,39,6.878307,2819,82.936158,1908,86.413043,9,0.450000
418,40,7.054674,2819,82.936158,1908,86.413043,9,0.450000
243,41,7.231041,2819,82.936158,1908,86.413043,9,0.450000
58,42,7.407407,2821,82.994999,1908,86.413043,10,0.500000
108,43,7.583774,2821,82.994999,1908,86.413043,10,0.500000
403,44,7.760141,2821,82.994999,1908,86.413043,10,0.500000
291,45,7.936508,2821,82.994999,1908,86.413043,10,0.500000
348,46,8.112875,2821,82.994999,1908,86.413043,10,0.500000
310,47,8.289242,2821,82.994999,1908,86.413043,10,0.500000
483,48,8.465608,2821,82.994999,1908,86.413043,10,0.500000
275,49,8.641975,2821,82.994999,1908,86.413043,10,0.500000
455,50,8.818342,2821,82.994999,1908,86.413043,10,0.500000
16,51,8.994709,2827,83.171521,1910,86.503623,10,0.500000
