TestcaseNumber,TestcaseCount,TestcaseRatio,StatementCount,StatementRatio,BranchCount,BranchRatio,FaultCount,FaultRatio
341,1,0.176367,1564,46.013533,1305,59.103261,4,0.200000
455,2,0.352734,1939,57.046190,1487,67.346014,6,0.300000
337,3,0.529101,2016,59.311562,1531,69.338768,6,0.300000
84,4,0.705467,2238,65.842895,1641,74.320652,8,0.400000
278,5,0.881834,2318,68.196528,1684,76.268116,8,0.400000
8,6,1.058201,2387,70.226537,1716,77.717391,9,0.450000
456,7,1.234568,2388,70.255958,1716,77.717391,9,0.450000
85,8,1.410935,2388,70.255958,1716,77.717391,9,0.450000
188,9,1.587302,2547,74.933804,1796,81.340580,10,0.500000
398,10,1.763668,2547,74.933804,1796,81.340580,10,0.500000
22,11,1.940035,2606,76.669609,1828,82.789855,10,0.500000
46,12,2.116402,2609,76.757870,1828,82.789855,10,0.500000
223,13,2.292769,2609,76.757870,1828,82.789855,10,0.500000
57,14,2.469136,2609,76.757870,1828,82.789855,10,0.500000
358,15,2.645503,2693,79.229185,1860,84.239130,10,0.500000
381,16,2.821869,2693,79.229185,1860,84.239130,10,0.500000
299,17,2.998236,2693,79.229185,1860,84.239130,10,0.500000
41,18,3.174603,2703,79.523389,1870,84.692029,11,0.550000
129,19,3.350970,2705,79.582230,1874,84.873188,11,0.550000
481,20,3.527337,2705,79.582230,1874,84.873188,11,0.550000
133,21,3.703704,2705,79.582230,1874,84.873188,11,0.550000
98,22,3.880071,2705,79.582230,1874,84.873188,11,0.550000
396,23,4.056437,2705,79.582230,1874,84.873188,11,0.550000
330,24,4.232804,2705,79.582230,1874,84.873188,11,0.550000
227,25,4.409171,2705,79.582230,1874,84.873188,11,0.550000
119,26,4.585538,2705,79.582230,1874,84.873188,11,0.550000
116,27,4.761905,2705,79.582230,1874,84.873188,11,0.550000
374,28,4.938272,2705,79.582230,1874,84.873188,11,0.550000
304,29,5.114638,2721,80.052957,1876,84.963768,11,0.550000
44,30,5.291005,2722,80.082377,1876,84.963768,11,0.550000
503,31,5.467372,2722,80.082377,1876,84.963768,11,0.550000
327,32,5.643739,2722,80.082377,1876,84.963768,11,0.550000
506,33,5.820106,2722,80.082377,1876,84.963768,11,0.550000
28,34,5.996473,2722,80.082377,1876,84.963768,11,0.550000
137,35,6.172840,2722,80.082377,1876,84.963768,11,0.550000
253,36,6.349206,2722,80.082377,1876,84.963768,11,0.550000
151,37,6.525573,2722,80.082377,1876,84.963768,11,0.550000
237,38,6.701940,2722,80.082377,1876,84.963768,11,0.550000
406,39,6.878307,2722,80.082377,1876,84.963768,11,0.550000
76,40,7.054674,2722,80.082377,1876,84.963768,11,0.550000
62,41,7.231041,2722,80.082377,1876,84.963768,11,0.550000
108,42,7.407407,2722,80.082377,1876,84.963768,11,0.550000
333,43,7.583774,2722,80.082377,1876,84.963768,11,0.550000
370,44,7.760141,2722,80.082377,1876,84.963768,11,0.550000
246,45,7.936508,2722,80.082377,1876,84.963768,11,0.550000
526,46,8.112875,2725,80.170638,1878,85.054348,11,0.550000
