TestcaseNumber,TestcaseCount,TestcaseRatio,StatementCount,StatementRatio,BranchCount,BranchRatio,FaultCount,FaultRatio
11,1,0.270270,81,3.767442,73,5.248023,0,0.000000
356,2,0.540541,136,6.325581,125,8.986341,1,0.200000
244,3,0.810811,255,11.860465,238,17.109993,1,0.200000
24,4,1.081081,255,11.860465,238,17.109993,3,0.600000
17,5,1.351351,319,14.837209,266,19.122933,3,0.600000
260,6,1.621622,377,17.534884,304,21.854781,3,0.600000
31,7,1.891892,1162,54.046512,755,54.277498,5,1.000000
168,8,2.162162,1162,54.046512,755,54.277498,5,1.000000
364,9,2.432432,1167,54.279070,755,54.277498,5,1.000000
27,10,2.702703,1167,54.279070,755,54.277498,5,1.000000
257,11,2.972973,1167,54.279070,755,54.277498,5,1.000000
237,12,3.243243,1199,55.767442,769,55.283968,5,1.000000
235,13,3.513514,1199,55.767442,769,55.283968,5,1.000000
44,14,3.783784,1199,55.767442,769,55.283968,5,1.000000
124,15,4.054054,1811,84.232558,1175,84.471603,5,1.000000
122,16,4.324324,1811,84.232558,1175,84.471603,5,1.000000
108,17,4.594595,1811,84.232558,1175,84.471603,5,1.000000
5,18,4.864865,1816,84.465116,1175,84.471603,5,1.000000
120,19,5.135135,1816,84.465116,1175,84.471603,5,1.000000
69,20,5.405405,1816,84.465116,1175,84.471603,5,1.000000
2,21,5.675676,1819,84.604651,1175,84.471603,5,1.000000
59,22,5.945946,1819,84.604651,1175,84.471603,5,1.000000
362,23,6.216216,1819,84.604651,1175,84.471603,5,1.000000
85,24,6.486486,1819,84.604651,1175,84.471603,5,1.000000
